0	0
0.0	1
1	2
1.0	3
10	4
11	5
12	6
13	7
14	8
14426	9
15	10
15761	11
16	12
16644	13
17	14
17608	15
18	16
19	17
2	18
2.0	19
20	20
21	21
22	22
23	23
24	24
25	25
26	26
27	27
28	28
29	29
3	30
3.0	31
30	32
31	33
3101	34
3102	35
3104	36
3105	37
3106	38
3107	39
3108	40
3111	41
3112	42
3113	43
3114	44
3115	45
3116	46
3118	47
3119	48
3120	49
3122	50
3123	51
3124	52
3125	53
3126	54
3127	55
3128	56
3129	57
3130	58
3131	59
3132	60
3134	61
3150	62
3151	63
3154	64
3157	65
3160	66
3161	67
3165	68
3166	69
3168	70
3169	71
3170	72
3171	73
3172	74
3173	75
3174	76
3176	77
3178	78
3179	79
3181	80
3182	81
3183	82
3184	83
3185	84
3188	85
3189	86
3190	87
3191	88
32	89
33	90
3300	91
3301	92
3304	93
3305	94
3307	95
3308	96
3309	97
3310	98
3311	99
3314	100
3316	101
3318	102
3319	103
3320	104
3321	105
3322	106
3323	107
3324	108
3326	109
3350	110
3353	111
3355	112
3356	113
3357	114
3358	115
3361	116
3368	117
3369	118
3370	119
3381	120
3384	121
3389	122
3390	123
34	124
35	125
3550	126
3551	127
3554	128
3555	129
3563	130
3565	131
3566	132
3569	133
3570	134
3571	135
3572	136
3573	137
3580	138
3581	139
3582	140
36	141
37	142
3750	143
3751	144
3755	145
3756	146
3759	147
3765	148
3767	149
3768	150
3769	151
3779	152
3783	153
3784	154
3790	155
38	156
3803	157
3804	158
3806	159
3807	160
3809	161
3811	162
3812	163
3813	164
3816	165
3817	166
3820	167
3821	168
3836	169
3850	170
3851	171
3852	172
3853	173
3854	174
3855	175
3857	176
3859	177
3860	178
3861	179
3862	180
3865	181
3871	182
39	183
4	184
4.0	185
40	186
4004	187
4010	188
4018	189
4023	190
4031	191
4032	192
4036	193
40360	194
40451	195
4064	196
4066	197
4067	198
4084	199
4085	200
4086	201
41	202
41283	203
4139	204
41471	205
41473	206
42	207
42072	208
43	209
44	210
46	211
47	212
49	213
5	214
50110	215
50143	216
50172	217
50222	218
50225	219
50328	220
50451	221
50572	222
50961	223
51302	224
51330	225
51392	226
51689	227
52274	228
52275	229
52353	230
52432	231
54	232
54937	233
6	234
60006	235
60023	236
60024	237
60033	238
60035	239
60036	240
60043	241
60044	242
60073	243
60074	244
60075	245
60091	246
65003	247
65006	248
68	249
7	250
8	251
85236	252
85242	253
9	254
F	255
M	256
No	257
Off	258
On	259
PPMI_14426_MR_T1-anatomical_Br_20161020185834039_S405053_I785358.nii	260
PPMI_14426_MR_T1-anatomical_Br_20170510140445136_S214219_I850059.nii	261
PPMI_16644_MR_T1-anatomical_Br_20180507164000858_S575380_I993951.nii	262
PPMI_17608_MR_T1-anatomical_Br_20151014205623809_S248491_I526726.nii	263
PPMI_3101_MR_T1-anatomical_Br_20140122132758838_S178931_I405842.nii	264
PPMI_3101_MR_T1-anatomical_Br_20150304163946723_S234695_I475905.nii	265
PPMI_3102_MR_T1-anatomical_Br_20120911162206099_S103294_I333354.nii	266
PPMI_3102_MR_T1-anatomical_Br_20140123143920185_S193426_I406748.nii	267
PPMI_3104_MR_T1-anatomical_Br_20120904141724121_S103322_I330120.nii	268
PPMI_3104_MR_T1-anatomical_Br_20120904142044962_S148994_I330133.nii	269
PPMI_3105_MR_T1-anatomical_Br_20120905112609169_S103326_I330401.nii	270
PPMI_3105_MR_T1-anatomical_Br_20120905112953538_S148999_I330414.nii	271
PPMI_3107_MR_T1-anatomical_Br_20120905114123915_S107252_I330453.nii	272
PPMI_3107_MR_T1-anatomical_Br_20120905114507479_S146599_I330466.nii	273
PPMI_3107_MR_T1-anatomical_Br_20160425185210694_S264293_I693531.nii	274
PPMI_3108_MR_T1-anatomical_Br_20120905114837217_S107265_I330479.nii	275
PPMI_3108_MR_T1-anatomical_Br_20120905115209846_S157042_I330491.nii	276
PPMI_3111_MR_T1-anatomical_Br_20120905115605725_S113788_I330505.nii	277
PPMI_3111_MR_T1-anatomical_Br_20120911162531919_S157052_I333364.nii	278
PPMI_3113_MR_T1-anatomical_Br_20120905120328273_S120881_I330530.nii	279
PPMI_3113_MR_T1-anatomical_Br_20130506110934655_S169224_I370196.nii	280
PPMI_3113_MR_T1-anatomical_Br_20140603111826312_S203293_I429649.nii	281
PPMI_3114_MR_T1-anatomical_Br_20120905120705829_S120901_I330555.nii	282
PPMI_3114_MR_T1-anatomical_Br_20140123153117960_S179006_I406839.nii	283
PPMI_3115_MR_T1-anatomical_Br_20120905121108329_S120955_I330567.nii	284
PPMI_3115_MR_T1-anatomical_Br_20140123153633799_S169231_I406856.nii	285
PPMI_3116_MR_T1-anatomical_Br_20141110172307555_S214312_I452935.nii	286
PPMI_3116_MR_T1-anatomical_Br_20150413122940486_S186405_I486612.nii	287
PPMI_3118_MR_T1-anatomical_Br_20120905121836170_S142538_I330608.nii	288
PPMI_3118_MR_T1-anatomical_Br_20140123152110053_S184075_I406791.nii	289
PPMI_3118_MR_T1-anatomical_Br_20161020184952220_S405062_I785341.nii	290
PPMI_3119_MR_T1-anatomical_Br_20120905122242089_S145628_I330618.nii	291
PPMI_3119_MR_T1-anatomical_Br_20140124090844216_S196286_I407098.nii	292
PPMI_3120_MR_T1-anatomical_Br_20120905122606214_S151213_I330628.nii	293
PPMI_3120_MR_T1-anatomical_Br_20141205130725423_S228105_I459688.nii	294
PPMI_3120_MR_T1-anatomical_Br_20170508181252009_S467581_I848727.nii	295
PPMI_3122_MR_T1-anatomical_Br_20150413131341397_S196289_I486666.nii	296
PPMI_3123_MR_T1-anatomical_Br_20170510105948437_S484587_I849980.nii	297
PPMI_3124_MR_T1-anatomical_Br_20130506114229110_S169322_I370249.nii	298
PPMI_3124_MR_T1-anatomical_Br_20140122132624364_S199136_I405833.nii	299
PPMI_3124_MR_T1-anatomical_Br_20141205134142109_S228117_I460317.nii	300
PPMI_3124_MR_T1-anatomical_Br_20170510133440148_S484594_I850040.nii	301
PPMI_3125_MR_T1-anatomical_Br_20140122132302724_S169329_I405810.nii	302
PPMI_3125_MR_T1-anatomical_Br_20140124102455573_S199137_I407295.nii	303
PPMI_3125_MR_T1-anatomical_Br_20141205125259722_S228121_I459474.nii	304
PPMI_3125_MR_T1-anatomical_Br_20180507184955025_S493610_I994122.nii	305
PPMI_3126_MR_T1-anatomical_Br_20140122134359751_S169344_I405880.nii	306
PPMI_3126_MR_T1-anatomical_Br_20141203153442644_S228125_I455659.nii	307
PPMI_3126_MR_T1-anatomical_Br_20180507133342842_S510960_I993622.nii	308
PPMI_3127_MR_T1-anatomical_Br_20140122141123689_S169347_I405975.nii	309
PPMI_3128_MR_T1-anatomical_Br_20130506114959225_S169354_I370260.nii	310
PPMI_3128_MR_T1-anatomical_Br_20150304170819249_S243788_I476048.nii	311
PPMI_3128_MR_T1-anatomical_Br_20170509163512566_S526762_I849687.nii	312
PPMI_3130_MR_T1-anatomical_Br_20140530152038657_S214285_I428351.nii	313
PPMI_3130_MR_T1-anatomical_Br_20170509153215174_S547135_I849632.nii	314
PPMI_3131_MR_T1-anatomical_Br_20140124110434146_S187020_I407388.nii	315
PPMI_3132_MR_T1-anatomical_Br_20140124104829007_S187023_I407333.nii	316
PPMI_3132_MR_T1-anatomical_Br_20151014134021646_S264305_I525991.nii	317
PPMI_3132_MR_T1-anatomical_Br_20180507221356054_S575426_I994414.nii	318
PPMI_3134_MR_T1-anatomical_Br_20140124105649093_S188148_I407355.nii	319
PPMI_3150_MR_T1-anatomical_Br_20120905122932184_S145652_I330638.nii	320
PPMI_3150_MR_T1-anatomical_Br_20120905123305981_S146606_I330648.nii	321
PPMI_3150_MR_T1-anatomical_Br_20140124105722442_S179289_I407358.nii	322
PPMI_3151_MR_T1-anatomical_Br_20120905123654315_S113807_I330658.nii	323
PPMI_3151_MR_T1-anatomical_Br_20120905124041008_S146607_I330672.nii	324
PPMI_3154_MR_T1-anatomical_Br_20141110152845012_S212763_I452494.nii	325
PPMI_3157_MR_T1-anatomical_Br_20120905125112395_S113900_I330706.nii	326
PPMI_3157_MR_T1-anatomical_Br_20120905125444124_S149019_I330730.nii	327
PPMI_3160_MR_T1-anatomical_Br_20120905125834606_S113924_I330740.nii	328
PPMI_3160_MR_T1-anatomical_Br_20120905150613099_S146632_I330817.nii	329
PPMI_3161_MR_T1-anatomical_Br_20120905150950505_S117822_I330827.nii	330
PPMI_3165_MR_T1-anatomical_Br_20120905151329356_S113953_I330837.nii	331
PPMI_3165_MR_T1-anatomical_Br_20120905151757297_S152153_I330847.nii	332
PPMI_3166_MR_T1-anatomical_Br_20120905152226485_S124448_I330857.nii	333
PPMI_3166_MR_T1-anatomical_Br_20130506123255330_S169260_I370344.nii	334
PPMI_3168_MR_T1-anatomical_Br_20120905160720505_S128399_I330878.nii	335
PPMI_3168_MR_T1-anatomical_Br_20140124132212589_S171168_I407579.nii	336
PPMI_3169_MR_T1-anatomical_Br_20120905162601419_S135539_I330888.nii	337
PPMI_3170_MR_T1-anatomical_Br_20120905165602566_S139280_I330898.nii	338
PPMI_3170_MR_T1-anatomical_Br_20140530173831027_S213500_I428815.nii	339
PPMI_3171_MR_T1-anatomical_Br_20120905172415164_S135546_I330908.nii	340
PPMI_3171_MR_T1-anatomical_Br_20140124130250825_S188371_I407513.nii	341
PPMI_3172_MR_T1-anatomical_Br_20120905175248787_S139296_I330918.nii	342
PPMI_3172_MR_T1-anatomical_Br_20130506124536228_S181419_I370373.nii	343
PPMI_3173_MR_T1-anatomical_Br_20120905182440120_S142542_I330928.nii	344
PPMI_3173_MR_T1-anatomical_Br_20140124131245179_S184084_I407550.nii	345
PPMI_3173_MR_T1-anatomical_Br_20141110154917670_S221701_I452568.nii	346
PPMI_3174_MR_T1-anatomical_Br_20140124140234503_S188379_I407673.nii	347
PPMI_3174_MR_T1-anatomical_Br_20141110132733423_S221703_I452021.nii	348
PPMI_3176_MR_T1-anatomical_Br_20120905192849031_S151282_I330958.nii	349
PPMI_3176_MR_T1-anatomical_Br_20150413145228295_S196299_I486733.nii	350
PPMI_3178_MR_T1-anatomical_Br_20120911162854366_S157083_I333374.nii	351
PPMI_3178_MR_T1-anatomical_Br_20140530135212496_S196301_I428036.nii	352
PPMI_3178_MR_T1-anatomical_Br_20141205134557676_S228131_I460396.nii	353
PPMI_3178_MR_T1-anatomical_Br_20170509150554635_S493617_I849585.nii	354
PPMI_3179_MR_T1-anatomical_Br_20140530171427361_S208445_I428743.nii	355
PPMI_3179_MR_T1-anatomical_Br_20150304183749754_S228144_I476368.nii	356
PPMI_3179_MR_T1-anatomical_Br_20170508180731705_S501579_I848721.nii	357
PPMI_3181_MR_T1-anatomical_Br_20140123115926076_S181347_I406327.nii	358
PPMI_3181_MR_T1-anatomical_Br_20140530140950400_S215707_I428082.nii	359
PPMI_3181_MR_T1-anatomical_Br_20150304163503945_S228153_I475886.nii	360
PPMI_3182_MR_T1-anatomical_Br_20130506130446850_S167602_I370405.nii	361
PPMI_3182_MR_T1-anatomical_Br_20150304173740711_S234700_I476148.nii	362
PPMI_3182_MR_T1-anatomical_Br_20170508185052649_S501585_I848765.nii	363
PPMI_3183_MR_T1-anatomical_Br_20130506131155834_S167614_I370415.nii	364
PPMI_3183_MR_T1-anatomical_Br_20150304171848820_S234707_I476085.nii	365
PPMI_3184_MR_T1-anatomical_Br_20140530161610566_S211624_I428534.nii	366
PPMI_3188_MR_T1-anatomical_Br_20140124142925512_S187032_I407732.nii	367
PPMI_3188_MR_T1-anatomical_Br_20151014153230717_S245310_I526191.nii	368
PPMI_3189_MR_T1-anatomical_Br_20140124141815889_S187050_I407697.nii	369
PPMI_3190_MR_T1-anatomical_Br_20140124144542697_S189898_I407779.nii	370
PPMI_3190_MR_T1-anatomical_Br_20141203153506249_S225595_I455661.nii	371
PPMI_3191_MR_T1-anatomical_Br_20140124143626320_S189908_I407754.nii	372
PPMI_3191_MR_T1-anatomical_Br_20141110143153139_S225599_I452264.nii	373
PPMI_3300_MR_T1-anatomical_Br_20120905193913554_S103327_I330968.nii	374
PPMI_3300_MR_T1-anatomical_Br_20140123125017751_S173516_I406463.nii	375
PPMI_3301_MR_T1-anatomical_Br_20120905194306720_S103333_I330978.nii	376
PPMI_3301_MR_T1-anatomical_Br_20140124151111038_S193457_I407852.nii	377
PPMI_3304_MR_T1-anatomical_Br_20120905195041672_S142547_I330998.nii	378
PPMI_3304_MR_T1-anatomical_Br_20140124145728651_S188384_I407797.nii	379
PPMI_3305_MR_T1-anatomical_Br_20120905195420403_S120966_I331008.nii	380
PPMI_3305_MR_T1-anatomical_Br_20130506131938202_S171171_I370425.nii	381
PPMI_3307_MR_T1-anatomical_Br_20120905195801696_S131505_I331018.nii	382
PPMI_3307_MR_T1-anatomical_Br_20140124151031287_S185692_I407849.nii	383
PPMI_3307_MR_T1-anatomical_Br_20141110160820990_S212764_I452643.nii	384
PPMI_3308_MR_T1-anatomical_Br_20120906121641709_S135552_I331298.nii	385
PPMI_3308_MR_T1-anatomical_Br_20140124151011361_S188386_I407848.nii	386
PPMI_3308_MR_T1-anatomical_Br_20141110125526235_S216335_I451896.nii	387
PPMI_3309_MR_T1-anatomical_Br_20120905200122349_S142552_I331028.nii	388
PPMI_3309_MR_T1-anatomical_Br_20140124154302813_S188400_I407924.nii	389
PPMI_3309_MR_T1-anatomical_Br_20141110172254062_S212771_I452934.nii	390
PPMI_3309_MR_T1-anatomical_Br_20160429175006165_S360821_I696746.nii	391
PPMI_3310_MR_T1-anatomical_Br_20140124153456191_S188414_I407904.nii	392
PPMI_3311_MR_T1-anatomical_Br_20120905200814284_S142567_I331048.nii	393
PPMI_3314_MR_T1-anatomical_Br_20120905201134878_S145680_I331058.nii	394
PPMI_3314_MR_T1-anatomical_Br_20141110170738277_S208461_I452879.nii	395
PPMI_3316_MR_T1-anatomical_Br_20120905201502299_S151289_I331068.nii	396
PPMI_3318_MR_T1-anatomical_Br_20140124154517289_S191164_I407934.nii	397
PPMI_3318_MR_T1-anatomical_Br_20141121120712617_S228154_I454518.nii	398
PPMI_3320_MR_T1-anatomical_Br_20120905202149243_S157093_I331088.nii	399
PPMI_3321_MR_T1-anatomical_Br_20140124154325168_S191038_I407925.nii	400
PPMI_3321_MR_T1-anatomical_Br_20150304164849098_S234714_I475952.nii	401
PPMI_3323_MR_T1-anatomical_Br_20130506133503567_S171069_I370464.nii	402
PPMI_3323_MR_T1-anatomical_Br_20140602105503483_S208464_I429045.nii	403
PPMI_3324_MR_T1-anatomical_Br_20140123131959496_S178945_I406565.nii	404
PPMI_3324_MR_T1-anatomical_Br_20160425191641897_S263075_I693586.nii	405
PPMI_3326_MR_T1-anatomical_Br_20140130174528481_S183995_I411914.nii	406
PPMI_3326_MR_T1-anatomical_Br_20151014202232289_S270413_I526675.nii	407
PPMI_3350_MR_T1-anatomical_Br_20120905202528980_S146635_I331098.nii	408
PPMI_3353_MR_T1-anatomical_Br_20120905203246699_S146641_I331118.nii	409
PPMI_3356_MR_T1-anatomical_Br_20120905204004079_S146646_I331138.nii	410
PPMI_3356_MR_T1-anatomical_Br_20150413155048921_S203299_I486788.nii	411
PPMI_3357_MR_T1-anatomical_Br_20120905204348702_S146649_I331148.nii	412
PPMI_3358_MR_T1-anatomical_Br_20120905204734914_S152166_I331158.nii	413
PPMI_3361_MR_T1-anatomical_Br_20120911163616271_S157074_I333394.nii	414
PPMI_3368_MR_T1-anatomical_Br_20140123132017718_S188423_I406566.nii	415
PPMI_3369_MR_T1-anatomical_Br_20120905211252060_S124475_I331218.nii	416
PPMI_3370_MR_T1-anatomical_Br_20120905211835143_S139308_I331228.nii	417
PPMI_3381_MR_T1-anatomical_Br_20140123104848403_S167629_I406196.nii	418
PPMI_3384_MR_T1-anatomical_Br_20160425151901461_S270429_I693138.nii	419
PPMI_3389_MR_T1-anatomical_Br_20140530180226697_S214303_I428921.nii	420
PPMI_3390_MR_T1-anatomical_Br_20140127162409510_S191052_I408749.nii	421
PPMI_3550_MR_T1-anatomical_Br_20120906124113510_S151295_I331354.nii	422
PPMI_3550_MR_T1-anatomical_Br_20140530175503282_S215714_I428894.nii	423
PPMI_3551_MR_T1-anatomical_Br_20120906124531536_S103341_I331364.nii	424
PPMI_3551_MR_T1-anatomical_Br_20120906124957939_S146654_I331374.nii	425
PPMI_3554_MR_T1-anatomical_Br_20120906125907857_S117830_I331394.nii	426
PPMI_3554_MR_T1-anatomical_Br_20120906130427815_S152208_I331404.nii	427
PPMI_3555_MR_T1-anatomical_Br_20120906130848317_S110192_I331414.nii	428
PPMI_3563_MR_T1-anatomical_Br_20120906134818239_S128409_I331520.nii	429
PPMI_3563_MR_T1-anatomical_Br_20130506145712103_S173534_I370664.nii	430
PPMI_3563_MR_T1-anatomical_Br_20160425175905992_S304188_I693414.nii	431
PPMI_3565_MR_T1-anatomical_Br_20120906140030689_S117835_I331562.nii	432
PPMI_3565_MR_T1-anatomical_Br_20130506150120442_S173537_I370675.nii	433
PPMI_3565_MR_T1-anatomical_Br_20160425174301762_S313989_I693378.nii	434
PPMI_3566_MR_T1-anatomical_Br_20120906140410074_S151299_I331572.nii	435
PPMI_3566_MR_T1-anatomical_Br_20141110120549267_S221737_I451713.nii	436
PPMI_3569_MR_T1-anatomical_Br_20130506150842159_S173554_I370697.nii	437
PPMI_3570_MR_T1-anatomical_Br_20140128101243019_S171180_I409019.nii	438
PPMI_3571_MR_T1-anatomical_Br_20120906142040566_S128450_I331612.nii	439
PPMI_3571_MR_T1-anatomical_Br_20140128102928579_S185721_I409069.nii	440
PPMI_3571_MR_T1-anatomical_Br_20160429154546742_S360846_I696529.nii	441
PPMI_3572_MR_T1-anatomical_Br_20120911164729258_S142580_I333426.nii	442
PPMI_3572_MR_T1-anatomical_Br_20140128101756310_S173560_I409032.nii	443
PPMI_3573_MR_T1-anatomical_Br_20120906142452587_S145823_I331622.nii	444
PPMI_3573_MR_T1-anatomical_Br_20141110173643967_S217905_I452986.nii	445
PPMI_3580_MR_T1-anatomical_Br_20140530165555104_S215717_I428661.nii	446
PPMI_3581_MR_T1-anatomical_Br_20120906144038377_S151335_I331663.nii	447
PPMI_3581_MR_T1-anatomical_Br_20141110120212732_S225614_I451703.nii	448
PPMI_3582_MR_T1-anatomical_Br_20120906144414600_S157101_I331674.nii	449
PPMI_3751_MR_T1-anatomical_Br_20120906150735162_S139311_I331742.nii	450
PPMI_3751_MR_T1-anatomical_Br_20140130154633124_S203318_I411533.nii	451
PPMI_3755_MR_T1-anatomical_Br_20140129105347716_S180796_I410322.nii	452
PPMI_3756_MR_T1-anatomical_Br_20120906151559491_S131528_I331788.nii	453
PPMI_3756_MR_T1-anatomical_Br_20140129105954399_S179105_I410341.nii	454
PPMI_3759_MR_T1-anatomical_Br_20120906152413621_S139331_I331812.nii	455
PPMI_3759_MR_T1-anatomical_Br_20140129103047689_S181432_I410236.nii	456
PPMI_3765_MR_T1-anatomical_Br_20120907101637514_S142703_I332007.nii	457
PPMI_3765_MR_T1-anatomical_Br_20140129104319178_S179160_I410290.nii	458
PPMI_3768_MR_T1-anatomical_Br_20140129111323759_S181445_I410388.nii	459
PPMI_3769_MR_T1-anatomical_Br_20120907102756218_S148989_I332041.nii	460
PPMI_3769_MR_T1-anatomical_Br_20140129105613266_S184103_I410332.nii	461
PPMI_3779_MR_T1-anatomical_Br_20120911170120978_S160424_I333468.nii	462
PPMI_3779_MR_T1-anatomical_Br_20140130153939784_S196347_I411502.nii	463
PPMI_3784_MR_T1-anatomical_Br_20140129124849566_S188221_I410602.nii	464
PPMI_3784_MR_T1-anatomical_Br_20150304180147983_S243816_I476236.nii	465
PPMI_3790_MR_T1-anatomical_Br_20151014202158492_S250430_I526674.nii	466
PPMI_3803_MR_T1-anatomical_Br_20140129124812126_S185656_I410599.nii	467
PPMI_3807_MR_T1-anatomical_Br_20120907105535900_S131566_I332145.nii	468
PPMI_3807_MR_T1-anatomical_Br_20130506164546963_S171223_I370946.nii	469
PPMI_3811_MR_T1-anatomical_Br_20120907110701689_S131583_I332176.nii	470
PPMI_3812_MR_T1-anatomical_Br_20120907111036644_S131587_I332186.nii	471
PPMI_3812_MR_T1-anatomical_Br_20130506165339487_S169269_I370966.nii	472
PPMI_3813_MR_T1-anatomical_Br_20120907111428303_S135563_I332196.nii	473
PPMI_3813_MR_T1-anatomical_Br_20130506170101141_S173571_I370984.nii	474
PPMI_3816_MR_T1-anatomical_Br_20140129143955292_S181449_I410982.nii	475
PPMI_3817_MR_T1-anatomical_Br_20140129144055847_S184115_I410987.nii	476
PPMI_3820_MR_T1-anatomical_Br_20120911170458468_S157105_I333478.nii	477
PPMI_3820_MR_T1-anatomical_Br_20141110153645975_S217912_I452525.nii	478
PPMI_3836_MR_T1-anatomical_Br_20140530160640601_S213529_I428500.nii	479
PPMI_3836_MR_T1-anatomical_Br_20140530170859920_S181379_I428713.nii	480
PPMI_3836_MR_T1-anatomical_Br_20151014160236643_S254416_I526234.nii	481
PPMI_3850_MR_T1-anatomical_Br_20120907112903022_S110209_I332236.nii	482
PPMI_3851_MR_T1-anatomical_Br_20140129161419188_S171235_I411120.nii	483
PPMI_3852_MR_T1-anatomical_Br_20140122155730441_S171243_I406000.nii	484
PPMI_3853_MR_T1-anatomical_Br_20141121111839050_S228248_I454358.nii	485
PPMI_3854_MR_T1-anatomical_Br_20120907114109414_S113990_I332266.nii	486
PPMI_3854_MR_T1-anatomical_Br_20130506174822430_S171246_I371104.nii	487
PPMI_3859_MR_T1-anatomical_Br_20141110165409236_S205673_I452826.nii	488
PPMI_3860_MR_T1-anatomical_Br_20141110162855569_S212796_I452726.nii	489
PPMI_3861_MR_T1-anatomical_Br_20120907114848005_S142723_I332286.nii	490
PPMI_3861_MR_T1-anatomical_Br_20141110172326412_S225626_I452937.nii	491
PPMI_3861_MR_T1-anatomical_Br_20141121113457951_S228253_I454412.nii	492
PPMI_3862_MR_T1-anatomical_Br_20120907115240237_S151359_I332296.nii	493
PPMI_3865_MR_T1-anatomical_Br_20140129154649248_S171144_I411017.nii	494
PPMI_3865_MR_T1-anatomical_Br_20141205125954418_S228257_I459554.nii	495
PPMI_3871_MR_T1-anatomical_Br_20141110170010964_S225638_I452852.nii	496
PPMI_4004_MR_T1-anatomical_Br_20120906145159215_S135620_I331697.nii	497
PPMI_4004_MR_T1-anatomical_Br_20140128120517418_S171273_I409347.nii	498
PPMI_4018_MR_T1-anatomical_Br_20140128125401227_S185790_I409508.nii	499
PPMI_4031_MR_T1-anatomical_Br_20140128152542495_S184033_I409731.nii	500
PPMI_4031_MR_T1-anatomical_Br_20151014150035318_S250441_I526157.nii	501
PPMI_4032_MR_T1-anatomical_Br_20140128152634555_S187084_I409734.nii	502
PPMI_4032_MR_T1-anatomical_Br_20140602110236791_S214308_I429116.nii	503
PPMI_4036_MR_T1-anatomical_Br_20140128164145697_S184043_I409877.nii	504
PPMI_40451_MR_T1-anatomical_Br_20170508202259320_S467598_I848864.nii	505
PPMI_4064_MR_T1-anatomical_Br_20130506155748502_S177434_I370828.nii	506
PPMI_4066_MR_T1-anatomical_Br_20130506160146977_S180859_I370838.nii	507
PPMI_4067_MR_T1-anatomical_Br_20130506160529272_S180862_I370848.nii	508
PPMI_4084_MR_T1-anatomical_Br_20140123111648945_S184050_I406254.nii	509
PPMI_4084_MR_T1-anatomical_Br_20141110145130390_S217938_I452346.nii	510
PPMI_4085_MR_T1-anatomical_Br_20140129160502923_S193216_I411084.nii	511
PPMI_4085_MR_T1-anatomical_Br_20160428145016648_S270810_I696203.nii	512
PPMI_4085_MR_T1-anatomical_Br_20180507171453750_S575641_I993987.nii	513
PPMI_4086_MR_T1-anatomical_Br_20140129155633264_S188271_I411060.nii	514
PPMI_4086_MR_T1-anatomical_Br_20141110150327921_S217954_I452385.nii	515
PPMI_41283_MR_T1-anatomical_Br_20160429173301663_S385554_I696716.nii	516
PPMI_41471_MR_T1-anatomical_Br_20150304190012849_S234807_I476459.nii	517
PPMI_41471_MR_T1-anatomical_Br_20170510154137904_S501621_I850142.nii	518
PPMI_41473_MR_T1-anatomical_Br_20150304183818641_S234810_I476371.nii	519
PPMI_42072_MR_T1-anatomical_Br_20170509155405883_S510992_I849640.nii	520
PPMI_50110_MR_T1-anatomical_Br_20141205130555138_S228267_I459662.nii	521
PPMI_50110_MR_T1-anatomical_Br_20170509144543236_S484631_I849554.nii	522
PPMI_50143_MR_T1-anatomical_Br_20180507203308645_S575676_I994275.nii	523
PPMI_50172_MR_T1-anatomical_Br_20150304193010482_S243874_I476601.nii	524
PPMI_50172_MR_T1-anatomical_Br_20180507113134056_S575703_I993430.nii	525
PPMI_50222_MR_T1-anatomical_Br_20150304183855363_S234825_I476375.nii	526
PPMI_50222_MR_T1-anatomical_Br_20180507214639065_S566080_I994364.nii	527
PPMI_50225_MR_T1-anatomical_Br_20150304175705839_S234829_I476220.nii	528
PPMI_50225_MR_T1-anatomical_Br_20180507214853765_S566092_I994368.nii	529
PPMI_50328_MR_T1-anatomical_Br_20141110151721528_S226174_I452437.nii	530
PPMI_50572_MR_T1-anatomical_Br_20150304175939621_S234833_I476226.nii	531
PPMI_50961_MR_T1-anatomical_Br_20151014203911432_S250467_I526704.nii	532
PPMI_50961_MR_T1-anatomical_Br_20170510142155391_S446275_I850069.nii	533
PPMI_51302_MR_T1-anatomical_Br_20151014190014385_S270820_I526567.nii	534
PPMI_51330_MR_T1-anatomical_Br_20170508203323942_S405083_I848886.nii	535
PPMI_51689_MR_T1-anatomical_Br_20160429191726566_S360889_I696900.nii	536
PPMI_52274_MR_T1-anatomical_Br_20161020171142585_S426439_I785185.nii	537
PPMI_52353_MR_T1-anatomical_Br_20160429183652048_S360935_I696820.nii	538
PPMI_54937_MR_T1-anatomical_Br_20170509141724575_S484633_I849485.nii	539
PPMI_60006_MR_T1-anatomical_Br_20160428112955234_S308824_I695693.nii	540
PPMI_60006_MR_T1-anatomical_Br_20160429154913325_S331883_I696534.nii	541
PPMI_60006_MR_T1-anatomical_Br_20180507142713929_S606411_I993788.nii	542
PPMI_60023_MR_T1-anatomical_Br_20151014120244464_S263114_I525801.nii	543
PPMI_60024_MR_T1-anatomical_Br_20141110123118295_S225648_I451809.nii	544
PPMI_60024_MR_T1-anatomical_Br_20151014122114762_S259061_I525827.nii	545
PPMI_60033_MR_T1-anatomical_Br_20151015125927859_S250482_I526849.nii	546
PPMI_60033_MR_T1-anatomical_Br_20160429174833176_S360938_I696741.nii	547
PPMI_60033_MR_T1-anatomical_Br_20180507120130133_S606424_I993465.nii	548
PPMI_60035_MR_T1-anatomical_Br_20151014144350343_S248515_I526129.nii	549
PPMI_60035_MR_T1-anatomical_Br_20151014200237014_S214228_I526648.nii	550
PPMI_60036_MR_T1-anatomical_Br_20161020185929073_S426445_I785360.nii	551
PPMI_60036_MR_T1-anatomical_Br_20180507222919599_S259068_I994439.nii	552
PPMI_60043_MR_T1-anatomical_Br_20141205134929691_S228269_I460461.nii	553
PPMI_60043_MR_T1-anatomical_Br_20160428122120691_S308825_I695954.nii	554
PPMI_60043_MR_T1-anatomical_Br_20161025153823896_S493647_I787736.nii	555
PPMI_60044_MR_T1-anatomical_Br_20141121120841837_S228278_I454522.nii	556
PPMI_60044_MR_T1-anatomical_Br_20151014140308434_S270825_I526051.nii	557
PPMI_60044_MR_T1-anatomical_Br_20170509115630042_S467611_I849356.nii	558
PPMI_60073_MR_T1-anatomical_Br_20141205133625485_S228287_I460221.nii	559
PPMI_60073_MR_T1-anatomical_Br_20160425185610759_S308831_I693536.nii	560
PPMI_60073_MR_T1-anatomical_Br_20170512140725890_S511260_I850732.nii	561
PPMI_60074_MR_T1-anatomical_Br_20150304185041167_S234840_I476423.nii	562
PPMI_60074_MR_T1-anatomical_Br_20160425180838787_S308838_I693433.nii	563
PPMI_60074_MR_T1-anatomical_Br_20170510115027791_S511272_I850001.nii	564
PPMI_60075_MR_T1-anatomical_Br_20151014202745338_S243968_I526687.nii	565
PPMI_60091_MR_T1-anatomical_Br_20151014204444264_S270829_I526708.nii	566
PPMI_65006_MR_T1-anatomical_Br_20141110134937793_S226199_I452110.nii	567
PPMI_85236_MR_T1-anatomical_Br_20160429191013935_S385584_I696889.nii	568
PPMI_85236_MR_T1-anatomical_Br_20180507203127081_S649083_I994272.nii	569
Yes	570
age_30_39	571
age_40_49	572
age_50_59	573
age_60_69	574
age_70_79	575
age_80_89	576
